0.67032922399 2.65515069676 0.0871834053246 -1.2417520971 0.0211325116333 
-1.21983993838 0.270225982738 1.07379927675 0.0510883275556 0.0867093787668 
-0.718292522496 0.629484577232 -1.1940147006 -0.471509388975 1.88057305513 
-0.70281877027 0.58474740199 0.777625674203 -0.0708684178694 -0.212243330543 
0.123325904287 1.09123413733 -0.867853443861 -0.260766226362 1.47492290596 
1.70702929041 -1.5070115907 -0.172144659526 0.237391890088 1.83042879098 
0.554791534821 0.736360011286 -1.02554298098 1.94761890476 -0.767683515429 
-0.879418890434 -0.142591601863 -2.56068320511 0.136782112582 1.25194873968 
-0.654422182176 0.932938073903 -0.0549670775551 0.77337524636 0.693776317126 
-0.61410167186 -0.740324321098 -1.38343923644 -0.415725879001 1.6967719996 
-0.763403905654 1.15583504371 -0.991646450447 0.766421876062 1.09237480214 
0.609108985894 -2.17315667146 0.137624234547 -0.535307256061 0.680674602864 
-1.36262345768 0.0839881641948 -1.28467388537 -0.107901248782 -0.104778674396 
0.624737958281 -0.579190655599 -0.393246682814 1.6729492491 -2.28976921131 
-0.684024464397 -1.2873385458 0.378445358503 -1.40906095236 -0.223286372173 
1.0668371928 -0.346293629017 -1.80933262648 -0.0757957635555 1.85235603234 
0.87356104014 -0.635493990904 0.561673430741 -2.36587061839 -0.342386492972 
-0.193125745466 1.21313338475 1.04379944379 -0.716471434529 0.306191167246 
-0.00619393443834 -0.778618049694 -1.25739015636 1.8697051953 1.45051957143 
-1.85732102308 -0.0898854986664 -0.834109587551 -0.0485375994662 -0.0424043761905 
-2.05754217369 -0.915797095567 -1.13983364265 0.313684042966 0.0784410578039 
-0.0527328320142 1.99822693882 0.194769959502 -0.624455720309 -1.06499220435 
0.640354481288 -0.30549088119 0.46421037537 0.0188047794458 -1.16757805118 
0.702005683782 -0.219114124255 -1.66443096862 -2.80560188117 -0.760412920834 
-0.628083826617 0.369156372721 1.17733799619 -1.31531692576 2.08410129741 
0.527932312189 -2.35692824977 -0.000844343487341 0.470164391265 -0.146906026644 
-0.92852757361 0.299673876745 0.295899923274 -0.299451834624 1.6392579126 
-0.323338326114 -0.494426735872 -0.620236893141 0.662624856443 0.570314771524 
-0.521481855087 -0.614005373812 1.53178708337 0.267379002115 2.40612517453 
1.39392222363 -0.237635315261 -2.81145901027 0.715906252332 -0.104861890302 
-0.263391182055 -0.156814920716 -1.2780802816 0.502212968472 0.911243373842 
-2.11079947081 0.779270130125 -0.58304819923 1.87404445453 -1.42712278773 
0.371125626557 -0.745288245282 1.37994337416 -1.10094801788 -0.156255476484 
-1.69651696881 -0.270088870731 -0.370764005191 1.24141524074 -0.708223061106 
1.83245135129 -0.501209114925 0.501422464252 0.709460411743 -0.0405818324624 
0.448424127849 0.00402103952501 -0.100250473935 0.377476230267 -1.15342854648 
-0.0297731631105 -1.07623150772 -0.547477143096 0.236104238652 -0.00698834425767 
0.713869987368 -0.339716319416 -0.381089686425 0.789707981264 0.726682608728 
-1.98481348571 -0.520212068968 0.605661261345 -1.66692053038 1.34199439475 
0.181607390068 0.0283151361532 -0.681461930984 -0.38267873761 1.11785366627 
-1.83863401522 0.377823097915 -0.152247692786 -0.298794955054 -0.614998438657 
-1.41253934266 -1.37634261163 0.426788011892 -0.808684948345 0.498265570375 
-0.332813526954 0.171123623835 0.278596549459 2.11410128844 -0.677210287137 
-2.19239895886 1.23940252008 -0.784715341842 0.641697932922 0.287294598923 
-0.0179138879708 -0.166434488159 1.44045546606 -0.322516145795 -1.06371149461 
0.397769977523 -1.24643501737 0.105614603766 1.86487483449 0.419548265695 
1.66001373908 0.680106069207 0.787371234356 -0.579505473689 -0.462228953085 
1.77972271265 0.241802949002 0.593990363105 -0.0921204805725 0.027559812655 
0.65494645288 0.083696813644 1.4346785893 0.602117378343 0.0384064946427 
0.22669993999 0.36378363296 0.461642395874 -1.74027136732 -0.302924026947 
2.8310511924 1.10965177237 -1.08322915138 1.17783118694 0.0059340634566 
